-1,-1,-1,-1,-1,-1,-1,-1,-1,-1,-1,-1,-1,-1,-1,-1,-1,-1,-1,-1,-1,-1,-1,-1,-1
-1,-1,-1,-1,-1,-1,-1,-1,7,-1,-1,-1,-1,-1,-1,-1,-1,-1,-1,-1,-1,-1,-1,-1,-1
-1,-1,-1,-1,-1,-1,-1,-1,-1,-1,4,4,4,4,4,4,4,4,-1,-1,-1,-1,-1,-1,-1
-1,-1,-1,-1,-1,-1,-1,-1,-1,-1,4,-1,-1,-1,-1,-1,-1,4,7,-1,-1,-1,-1,7,-1
-1,-1,-1,-1,-1,-1,-1,-1,-1,-1,4,-1,14,-1,-1,-1,-1,4,-1,7,-1,-1,-1,-1,-1
-1,-1,-1,-1,-1,-1,-1,-1,-1,-1,4,-1,-1,-1,-1,-1,-1,4,-1,-1,-1,-1,-1,-1,-1
-1,-1,-1,-1,-1,-1,4,4,4,4,4,-1,-1,-1,-1,18,-1,4,-1,-1,-1,-1,-1,-1,-1
-1,-1,7,-1,-1,-1,4,-1,-1,-1,-1,-1,-1,-1,-1,-1,-1,4,-1,-1,-1,7,-1,-1,-1
-1,-1,-1,7,-1,-1,4,-1,10010,-1,-1,-1,10,-1,-1,-1,-1,4,-1,-1,-1,-1,-1,-1,-1
-1,-1,-1,-1,-1,-1,4,-1,-1,-1,-1,-1,-1,-1,-1,-1,-1,4,-1,-1,-1,-1,-1,-1,-1
-1,-1,-1,-1,-1,-1,4,4,4,4,4,4,4,4,4,4,4,4,-1,-1,-1,-1,-1,-1,-1
-1,-1,-1,-1,-1,-1,-1,-1,-1,-1,4,-1,-1,-1,-1,-1,-1,4,-1,-1,-1,-1,-1,-1,-1
-1,-1,-1,-1,-1,-1,-1,10000,-1,-1,4,-1,10004,-1,-1,-1,-1,4,-1,-1,-1,-1,7,-1,-1
-1,-1,-1,-1,-1,-1,-1,14,-1,-1,4,-1,14,-1,-1,0,-1,4,-1,-1,-1,7,7,-1,-1
-1,-1,-1,-1,-1,-1,-1,17,-1,-1,4,-1,19,-1,-1,-1,-1,4,-1,-1,-1,-1,-1,-1,-1
-1,-1,-1,7,-1,-1,-1,-1,-1,-1,4,-1,-1,-1,-1,-1,-1,4,-1,-1,-1,-1,-1,-1,-1
-1,-1,-1,-1,-1,-1,-1,-1,-1,-1,4,4,4,4,4,4,4,4,-1,-1,7,-1,-1,-1,-1
-1,-1,-1,-1,-1,-1,-1,-1,-1,-1,-1,-1,-1,-1,-1,-1,-1,-1,-1,-1,-1,-1,-1,-1,-1
