10000,10004,4,-1,-1,-1,-1,-1,-1,-1,-1,-1,-1,-1,-1,-1,7,-1,-1,-1,-1,-1
14,14,4,-1,7,-1,-1,4,4,4,4,4,4,4,4,-1,7,-1,-1,-1,-1,-1
17,19,4,-1,-1,-1,-1,4,-1,-1,-1,-1,-1,-1,4,-1,-1,-1,-1,-1,-1,-1
4,4,4,-1,-1,7,-1,4,-1,0,-1,-1,12,-1,4,-1,-1,-1,-1,-1,-1,-1
-1,-1,-1,-1,-1,-1,10005,4,-1,-1,-1,-1,-1,-1,4,-1,-1,-1,-1,-1,-1,-1
-1,-1,-1,7,7,-1,14,4,-1,-1,-1,-1,12,-1,4,-1,-1,-1,-1,-1,-1,-1
-1,-1,-1,-1,-1,-1,21,4,-1,-1,-1,-1,-1,-1,4,-1,-1,-1,-1,-1,-1,-1
7,-1,-1,-1,4,4,4,4,5,5,5,4,4,4,4,4,4,4,-1,7,-1,-1
-1,7,-1,-1,4,-1,-1,-1,-1,-1,-1,4,-1,-1,-1,-1,-1,4,-1,-1,7,-1
-1,-1,-1,-1,4,-1,-1,-1,-1,-1,-1,4,-1,10012,14,20,-1,4,-1,-1,-1,-1
-1,-1,-1,-1,4,-1,-1,-1,-1,-1,-1,4,-1,-1,-1,-1,-1,4,-1,-1,-1,-1
-1,-1,-1,-1,4,5,5,5,-1,4,-1,-1,-1,-1,-1,-1,-1,4,-1,-1,-1,-1
-1,7,7,-1,4,5,5,5,-1,-1,-1,4,-1,10010,14,18,-1,4,7,-1,-1,-1
-1,7,7,-1,4,10,5,5,-1,-1,-1,4,-1,-1,-1,-1,-1,4,-1,-1,7,7
-1,-1,-1,-1,4,4,4,4,4,4,4,4,4,4,4,4,4,4,-1,-1,7,-1
-1,-1,-1,-1,-1,-1,-1,-1,-1,-1,-1,-1,-1,-1,-1,-1,-1,-1,-1,-1,-1,-1
-1,-1,-1,-1,-1,-1,-1,-1,-1,-1,-1,-1,-1,-1,-1,-1,-1,-1,-1,-1,-1,-1
-1,-1,-1,-1,-1,-1,-1,-1,-1,-1,-1,-1,-1,-1,-1,-1,-1,-1,-1,-1,-1,-1
