10012,14,19,-1,12,7,7,7,7,7,-1,-1,13,-1,-1,-1,-1,-1,-1,-1,-1,7,7,7
-1,-1,-1,-1,12,-1,7,7,11,-1,4,4,13,4,4,4,4,4,4,4,-1,-1,7,7
10013,14,22,-1,12,-1,-1,-1,-1,8,4,-1,13,-1,-1,4,25,25,25,4,-1,-1,-1,7
-1,-1,-1,-1,12,-1,-1,-1,8,8,4,-1,13,-1,-1,-1,25,10,25,4,-1,-1,-1,-1
10010,14,18,-1,12,-1,4,4,4,4,4,-1,13,-1,-1,4,25,25,25,4,-1,-1,-1,-1
-1,-1,-1,-1,12,-1,4,25,25,25,4,-1,13,-1,-1,4,4,4,4,4,-1,-1,11,-1
12,12,12,12,12,-1,4,25,0,25,-1,-1,13,4,4,4,8,8,-1,-1,-1,-1,-1,-1
-1,-1,-1,11,-1,-1,4,25,25,25,4,-1,13,13,13,13,13,13,13,13,13,13,13,13
-1,-1,-1,-1,-1,-1,4,4,4,4,4,-1,-1,-1,-1,4,8,8,-1,-1,-1,-1,-1,-1
-1,-1,7,-1,-1,-1,-1,-1,-1,-1,4,-1,10004,14,19,4,8,-1,-1,-1,-1,11,-1,-1
-1,7,7,7,-1,-1,-1,-1,10000,-1,4,-1,-1,-1,-1,4,-1,-1,-1,11,-1,-1,-1,-1
-1,-1,7,7,-1,-1,-1,-1,14,-1,4,4,4,4,4,4,-1,-1,-1,-1,-1,-1,-1,-1
-1,-1,-1,-1,-1,-1,-1,-1,17,-1,-1,-1,-1,-1,-1,-1,-1,11,-1,-1,-1,7,7,-1
-1,-1,-1,-1,-1,-1,-1,-1,-1,-1,-1,-1,-1,-1,-1,-1,-1,-1,-1,7,7,7,7,7
