-1,-1,-1,-1,-1,-1,-1,-1,-1,-1,-1,-1,-1,-1,-1,-1,-1,-1,-1,-1,-1,-1,-1,-1
-1,-1,-1,-1,-1,-1,-1,-1,25,-1,-1,-1,-1,-1,-1,-1,-1,-1,-1,-1,-1,-1,-1,-1
-1,-1,25,-1,-1,-1,-1,-1,-1,-1,10,10,10,10,10,10,10,10,-1,-1,-1,-1,25,-1
-1,-1,-1,-1,-1,25,-1,-1,-1,-1,10,-1,-1,-1,-1,-1,-1,10,25,-1,-1,-1,-1,-1
-1,-1,-1,-1,-1,25,-1,-1,-1,-1,10,-1,14,-1,-1,-1,-1,10,-1,25,-1,-1,-1,-1
-1,-1,-1,-1,-1,-1,-1,-1,-1,-1,10,-1,-1,-1,-1,-1,-1,10,-1,-1,-1,-1,-1,-1
-1,-1,-1,-1,-1,-1,10,10,10,10,10,-1,-1,-1,-1,18,-1,10,-1,-1,-1,-1,-1,-1
-1,-1,-1,-1,-1,-1,10,7,7,7,7,-1,-1,-1,-1,-1,-1,10,-1,-1,-1,-1,-1,-1
-1,-1,25,-1,-1,-1,10,7,10000,7,7,-1,-1,-1,-1,-1,-1,10,-1,-1,-1,-1,-1,-1
-1,25,-1,-1,-1,-1,10,7,7,7,7,-1,-1,-1,-1,-1,-1,10,-1,-1,-1,25,-1,-1
-1,-1,-1,-1,-1,-1,10,10,10,10,10,10,10,10,10,10,10,10,-1,-1,-1,-1,-1,-1
-1,-1,-1,-1,-1,-1,-1,-1,-1,-1,10,-1,-1,-1,-1,-1,-1,10,-1,-1,-1,-1,-1,-1
-1,-1,-1,-1,-1,-1,-1,10004,-1,-1,10,-1,10010,-1,-1,-1,-1,10,-1,-1,-1,-1,-1,-1
-1,-1,-1,-1,-1,-1,-1,14,-1,-1,10,-1,14,-1,-1,4,-1,10,-1,-1,-1,-1,-1,-1
-1,-1,-1,-1,25,-1,-1,17,-1,-1,10,-1,19,-1,-1,-1,-1,10,-1,25,-1,-1,-1,-1
-1,-1,-1,-1,-1,-1,-1,-1,-1,-1,10,-1,-1,-1,10,10,10,10,25,-1,-1,-1,-1,-1
-1,-1,-1,-1,-1,25,-1,-1,-1,-1,10,10,10,10,10,-1,-1,-1,25,-1,-1,-1,-1,-1
-1,-1,-1,-1,-1,-1,-1,-1,-1,-1,-1,-1,-1,-1,-1,-1,-1,-1,-1,-1,-1,-1,-1,-1
