10004,14,19,6,6,-1,4,-1,-1,-1,-1,-1,4,-1,-1,-1,4,-1,-1,-1,6,6,6,6,6,6,6,-1,-1,-1,-1,-1,-1
6,6,6,6,-1,-1,4,-1,-1,-1,-1,-1,-1,-1,0,-1,4,-1,-1,6,6,6,6,6,6,6,-1,-1,-1,-1,-1,-1,-1
6,6,-1,-1,-1,-1,4,-1,-1,-1,-1,-1,4,-1,-1,-1,4,-1,-1,6,6,6,6,6,6,-1,-1,-1,-1,-1,-1,-1,-1
6,-1,-1,-1,-1,-1,4,-1,10000,14,17,-1,4,4,4,4,4,-1,6,6,6,6,6,6,6,-1,-1,-1,-1,-1,-1,-1,-1
-1,-1,-1,-1,-1,-1,4,4,-1,-1,-1,4,4,-1,-1,-1,-1,-1,6,6,6,6,6,6,-1,-1,-1,-1,-1,-1,-1,-1,-1
-1,-1,-1,-1,-1,-1,4,-1,-1,-1,-1,-1,12,-1,-1,-1,-1,-1,6,6,6,6,6,6,-1,-1,-1,-1,-1,-1,-1,-1,-1
-1,-1,-1,-1,-1,-1,4,4,4,4,4,4,4,-1,-1,-1,-1,6,6,6,6,6,6,6,-1,-1,-1,-1,-1,-1,-1,-1,-1
-1,-1,-1,-1,-1,-1,4,10012,4,-1,-1,-1,-1,-1,-1,-1,-1,6,6,6,6,6,6,-1,-1,-1,-1,-1,-1,-1,-1,-1,-1
-1,-1,-1,-1,-1,-1,-1,14,-1,-1,-1,-1,-1,-1,-1,-1,-1,6,6,6,6,6,6,-1,-1,-1,-1,-1,-1,-1,-1,-1,-1
-1,-1,-1,-1,-1,-1,-1,20,-1,-1,-1,-1,-1,-1,-1,-1,6,6,6,6,6,6,6,-1,-1,-1,-1,-1,-1,-1,-1,-1,-1
-1,-1,-1,-1,-1,-1,-1,-1,-1,-1,-1,-1,10006,-1,-1,-1,6,6,6,6,6,6,-1,-1,-1,-1,-1,-1,-1,-1,-1,-1,-1
-1,-1,-1,-1,-1,-1,-1,-1,-1,-1,-1,-1,-1,-1,-1,6,6,6,6,6,6,-1,-1,-1,-1,-1,-1,-1,-1,-1,-1,-1,-1
-1,-1,-1,-1,-1,-1,-1,4,10000,14,24,4,-1,-1,-1,6,6,6,6,6,6,-1,-1,-1,-1,-1,10,-1,-1,-1,-1,-1,-1
-1,-1,-1,-1,-1,-1,-1,4,4,4,4,4,-1,-1,6,6,6,6,6,6,-1,-1,-1,-1,-1,-1,-1,-1,-1,-1,-1,-1,-1
-1,-1,-1,-1,-1,-1,-1,4,10006,14,23,4,-1,-1,6,6,6,6,6,-1,-1,-1,-1,-1,-1,10010,14,18,-1,-1,-1,-1,-1
-1,-1,-1,-1,-1,-1,-1,4,4,4,4,4,-1,6,6,6,6,6,6,-1,-1,-1,-1,-1,-1,-1,-1,-1,-1,-1,-1,-1,6
-1,-1,-1,-1,-1,-1,-1,-1,-1,-1,-1,-1,6,6,6,6,6,6,-1,-1,-1,-1,-1,-1,-1,-1,-1,-1,-1,-1,-1,6,6
-1,-1,-1,-1,-1,-1,-1,-1,-1,-1,-1,6,6,6,6,6,6,6,-1,-1,-1,-1,-1,-1,-1,-1,-1,-1,-1,-1,6,6,6
