10010,14,18,-1,-1,-1,-1,-1,-1,-1,-1,-1,-1,-1,-1,-1,-1,-1,-1,-1,-1,-1,-1,-1
10000,14,17,-1,-1,-1,-1,-1,-1,-1,-1,-1,-1,-1,-1,-1,-1,-1,-1,-1,-1,-1,-1,-1
-1,-1,-1,-1,-1,-1,-1,-1,-1,-1,-1,-1,-1,-1,-1,-1,-1,-1,-1,-1,-1,-1,-1,-1
-1,-1,-1,-1,-1,-1,-1,-1,-1,-1,-1,-1,-1,13,13,13,13,13,13,13,13,13,-1,-1
-1,-1,-1,-1,-1,-1,-1,-1,-1,-1,-1,-1,-1,13,-1,-1,-1,-1,-1,-1,-1,13,-1,-1
-1,-1,10012,14,20,-1,-1,-1,-1,-1,-1,-1,-1,13,-1,10013,-1,-1,-1,-1,-1,13,-1,-1
-1,-1,-1,-1,-1,-1,-1,-1,-1,-1,-1,-1,-1,13,-1,14,-1,-1,-1,-1,-1,13,-1,-1
-1,-1,-1,-1,-1,13,-1,13,-1,-1,-1,-1,-1,13,-1,22,-1,-1,-1,-1,-1,13,-1,-1
-1,-1,-1,-1,-1,13,12,13,-1,-1,-1,-1,-1,13,-1,-1,-1,-1,-1,-1,-1,13,-1,-1
-1,-1,-1,13,13,13,12,13,13,13,-1,-1,-1,13,-1,-1,-1,-1,10,-1,-1,13,-1,-1
-1,-1,-1,13,-1,-1,12,-1,-1,13,-1,-1,-1,13,-1,-1,-1,-1,-1,-1,-1,13,-1,-1
-1,-1,-1,13,-1,-1,-1,-1,-1,13,-1,-1,-1,13,13,13,13,13,13,13,13,13,-1,-1
-1,-1,-1,13,-1,-1,0,-1,-1,13,-1,-1,-1,-1,-1,-1,-1,-1,-1,-1,-1,-1,-1,-1
-1,-1,-1,13,-1,-1,-1,-1,-1,13,-1,-1,-1,-1,-1,-1,-1,-1,-1,-1,-1,-1,-1,-1
